0;1000000.0048275816
1;999245.5473349128
2;998490.2996780191
3;997734.1039009193
4;996976.7835604835
5;996218.141558281
6;995457.957718475
7;994695.9860820993
8;993931.9518846038
9;993165.5481797247
10;992396.43206844
11;991624.2204870204
12;990848.485502866
13;990068.7490609117
14;989284.4771168145
15;988495.07308582
16;987699.870528081
17;986898.1249821862
18;986089.0048486299
19;985271.5812138658
20;984444.8164932833
21;983607.5517578382
22;982758.4925940426
23;981896.1933304144
24;981019.0394452284
25;980125.2279503007
26;979212.7455235014
27;978279.3441385619
28;977322.513914413
29;976339.4528776717
30;975327.0333008795
31;974281.7642456806
32;973199.7499043036
33;972076.6432945762
34;970907.5948234508
35;969687.1951919636
36;968409.4120711943
37;967067.5199348559
38;965654.0223906388
39;964160.5663107415
40;962577.8470239929
41;960895.5038000679
42;959102.0048336838
43;957184.5209274853
44;955128.78708182
45;952918.9512344592
46;950537.409461941
47;947964.6270670929
48;945178.9451474895
49;942156.3724831822
50;938870.3629186727
51;935291.5788676715
52;931387.6421684324
53;927122.8742966454
54;922458.0289423862
55;917350.0212244549
56;911751.6594033643
57;905611.3869235807
58;898873.0450322583
59;891475.6691550243
60;883353.3357284984
61;874435.0803571988
62;864644.9130270069
63;853901.9616876083
64;842120.7817840347
65;829211.8761710691
66;815082.4770746571
67;799637.6490102416
68;782781.7782602395
69;764420.5198090792
70;744463.2753433369
71;722826.2744298909
72;699436.3231758565
73;674235.2679050885
74;647185.1924958294
75;618274.3234564022
76;587523.5529046186
77;554993.4031095301
78;520791.1451600702
79;485077.6491607632
80;448073.3888291597
81;410062.86045229895
82;371396.52430858405
83;332489.2657278182
84;293814.34391982097
85;255891.89994673475
86;219271.38483401402
87;184507.7912252493
88;152132.34800491764
89;122619.33860152471
90;96351.82779373768
91;73590.13477008074
92;54447.590043443204
93;38878.13118892459
94;26679.338031671294
95;17512.46218913771
96;10938.056051570351
97;6462.526603923873
98;3588.232812870128
99;1858.593432196166
100;890.7296224375921
101;391.3591114961716
102;156.0312794762284
103;55.80404196823933
104;17.674967625314856
105;4.887110600078551
106;1.1608343251018227
107;0.2326547753074502
108;0.03856151699980337
109;0.005168231826095497
110;5.462199270707491E-4
111;4.426219588361469E-5
112;2.665005804894225E-6
113;1.1510926645551779E-7
114;3.42935929279352E-9
115;6.744242697215976E-11
116;8.335710720711402E-13
117;6.129022708295902E-15
118;2.5212091500632755E-17
119;5.4171644035276913E-20
120;5.630290390942169E-23
121;2.5977185465709834E-26
122;4.833406230867802E-30
123;3.2574736016220555E-34
124;7.052247057858952E-39
125;4.288247861619203E-44
126;6.302746298845452E-50
127;1.893036737251069E-56
128;9.630025117042487E-64
129;6.725949850362203E-72
130;5.100058145248173E-81
131;3.2290401439986124E-91
132;1.272766257617848E-102
133;2.2491859448962035E-115
134;1.2344405903216955E-129
135;1.395720715531538E-145
136;2.054213220295785E-163
137;2.3554486204466833E-183
138;1.1851829639202248E-205
139;1.3772305398024831E-230
140;1.8030227317759743E-258
