0;999999.9978139348
1;999664.0591107118
2;999327.5713121825
3;998990.4577641975
4;998652.6328947722
5;998314.001176409
6;997974.4559677502
7;997633.8782205476
8;997292.1350363124
9;996949.0780551956
10;996604.5416576393
11;996258.3409570785
12;995910.2695594776
13;995560.0970626806
14;995207.5662654507
15;994852.3900525983
16;994494.2479187433
17;994132.7820889516
18;993767.5931897088
19;993398.235418365
20;993024.2111532757
21;992644.9649402784
22;992259.8767838473
23;991868.2546631548
24;991469.3261842706
25;991062.2292697637
26;990646.0017759241
27;990219.5699156012
28;989781.7353511589
29;989331.160807143
30;988866.35403583
31;988385.6499507681
32;987887.1907235692
33;987368.9036174897
34;986828.4763075764
35;986263.3294112785
36;985670.5859253372
37;985047.0372343767
38;984389.1053239412
39;983692.8007957488
40;982953.6762457808
41;982166.774526704
42;981326.5713753365
43;980426.9118439513
44;979460.9399318703
45;978421.0207720326
46;977298.6546874224
47;976084.3823962046
48;974767.6806145398
49;973336.8472854748
50;971778.875654976
51;970079.3164272339
52;968222.1272672337
53;966189.50898735
54;963961.7278664738
55;961516.9237173833
56;958830.9035560811
57;955876.921054353
58;952625.4423965388
59;949043.8997406757
60;945096.4342351549
61;940743.6315029158
62;935942.2537202074
63;930644.973936597
64;924800.1201637618
65;918351.4390644105
66;911237.8918643761
67;903393.4984553055
68;894747.2496117338
69;885223.1118600317
70;874740.1548273363
71;863212.836842776
72;850551.4910715455
73;836663.0613480665
74;821452.1438138147
75;804822.3969477158
76;786678.3878450014
77;766927.945582526
78;745485.091748285
79;722273.61180446
80;697231.3165002733
81;670315.0171730733
82;641506.1992031898
83;610817.320691587
84;578298.5854577514
85;544044.9385481143
86;508202.9084965797
87;470976.7769931264
88;432633.4021311637
89;393504.8721166932
90;353988.04754914955
91;314539.9976776679
92;275668.3943245098
93;237916.1466484509
94;201839.9872455613
95;167983.38374124267
96;136845.04015973822
97;108845.29778333285
98;84293.79421921636
99;63362.55521919196
100;46068.978636876505
101;32272.629319756525
102;21688.212821701833
103;13914.587107710984
104;8476.596076544207
105;4873.6009789330965
106;2626.767438360364
107;1317.2239817964667
108;609.4028061915233
109;257.6731379983721
110;98.53475826760935
111;33.67968661476074
112;10.155755576323527
113;2.6623461729451527
114;0.5969319955384982
115;0.11239939483168385
116;0.017415122106093864
117;0.0021703157727575736
118;2.1208432380223925E-4
119;1.5796064942495496E-5
120;8.686980182906792E-7
121;3.4047433334608034E-8
122;9.141445452840924E-10
123;1.6086925781275816E-11
124;1.7661628893710142E-13
125;1.1448725223622406E-15
126;4.12027703723203E-18
127;7.685842358296843E-21
128;6.882072376426952E-24
129;2.7150860398820128E-27
130;4.288552358301896E-31
131;2.437088192517322E-35
132;4.421943974479019E-40
133;2.2419649753895922E-45
134;2.736824466999896E-51
135;6.81151062598559E-58
136;2.8705090039165084E-65
137;1.6646140880706873E-73
138;1.0536756688473046E-82
139;5.620685089937107E-93
140;1.8927316517839793E-104
