0;1000000.0011035916
1;999060.1599965405
2;998116.3577484689
3;997168.1048935549
4;996214.8618358496
5;995256.0337210677
6;994290.9647867461
7;993318.9321383565
8;992339.1388938337
9;991350.7066333848
10;990352.6670853475
11;989343.9529722154
12;988323.3879337307
13;987289.6754360958
14;986241.3865678606
15;985176.946613854
16;984094.6202886164
17;982992.4955001335
18;981868.4655032471
19;980720.2092899167
20;979545.1700505357
21;978340.5315267857
22;977103.1920620971
23;975829.7361407434
24;974516.4031910545
25;973159.0534123601
26;971753.1303692869
27;970293.6200812514
28;968775.0063198233
29;967191.2218125693
30;965535.5950397591
31;963800.7923006864
32;961978.7547204696
33;960060.6298673215
34;958036.697656075
35;955896.290228246
36;953627.7055245634
37;951218.1143057174
38;948653.4604347089
39;945918.3543140059
40;942995.959477985
41;939867.8724820837
42;936513.9964121297
43;932912.4085690945
44;929039.2231761529
45;924868.450318114
46;920371.8527713186
47;915518.8029300801
48;910276.1427003805
49;904608.0500311108
50;898475.9167070828
51;891838.2431563449
52;884650.557346554
53;876865.3663789681
54;868432.15114766
55;859297.4164224379
56;849404.810932263
57;838695.3344508122
58;827107.6514729308
59;814578.5337434482
60;801043.4565383049
61;786437.3760257874
62;770695.7170048279
63;753755.6014910196
64;735557.3485564195
65;716046.273961227
66;695174.8137449966
67;672904.9882365939
68;649211.2109367703
69;624083.4293811206
70;597530.561350204
71;569584.1587187919
72;540302.1921947116
73;509772.8031333504
74;478117.81440509023
75;445495.73319533106
76;412103.91876261553
77;378179.5340756372
78;343998.8611577522
79;309874.54800774297
80;276150.38469162706
81;243193.29336591772
82;211382.3762107111
83;181095.1063364918
84;152691.06975534672
85;126494.05604487471
86;102773.71498996101
87;81728.38568144415
88;63470.98014150665
89;48019.86918479592
90;35296.483423545986
91;25130.75077442182
92;17274.554218160752
93;11422.214852347219
94;7235.791969013399
95;4372.025070420817
96;2507.3104540750205
97;1357.4044165471855
98;689.5862698121409
99;326.5720891245532
100;143.12514674172849
101;57.58456219159388
102;21.08111970844354
103;6.953809294739491
104;2.0445400744743654
105;0.5294523299223612
106;0.11917712097432118
107;0.02298137509997058
108;0.003735964750950965
109;5.030091385712097E-4
110;5.5004607835046256E-5
111;4.780729948740722E-6
112;3.2248514193096203E-7
113;1.6444455836313978E-8
114;6.157600951641424E-10
115;1.6397009223192414E-11
116;2.9971787579561935E-13
117;3.616549513649577E-15
118;2.759232358500117E-17
119;1.2691976940746084E-19
120;3.339700204522818E-22
121;4.744007219147857E-25
122;3.4123369261916583E-28
123;1.1581147337509453E-31
124;1.7154763128788804E-35
125;1.0175999934833029E-39
126;2.1982399429891506E-44
127;1.5571952733120468E-49
128;3.2219506179818445E-55
129;1.7136543401377363E-61
130;2.034783418621053E-68
131;4.6164641788940904E-76
132;1.6853363991887962E-84
133;8.190203473301565E-94
134;4.297645309375378E-104
135;1.9326601229168664E-115
136;5.771859048594248E-128
137;8.638960988060893E-142
138;4.749564943565722E-157
139;6.806866116579869E-174
140;1.7415499244642617E-192
