0;1000000.0000424044
1;999414.7725905746
2;998827.1671139251
3;998236.9133903828
4;997643.7141056733
5;997047.2421394832
6;996447.1375806625
7;995843.0044445958
8;995234.4070632571
9;994620.8661155803
10;994001.854262645
11;993376.791348737
12;992745.0391255987
13;992105.8954530837
14;991458.5879249764
15;990802.2668638634
16;990135.9976236677
17;989458.7521326924
18;988769.3996037992
19;988066.6963315741
20;987349.2744890384
21;986615.6298285665
22;985864.1081831919
23;985092.8906553632
24;984299.9773704632
25;983483.1696619949
26;982640.0505443086
27;981767.9633170603
28;980863.9881333492
29;979924.9163506961
30;978947.2224708125
31;977927.0334605965
32;976860.0952331537
33;975741.7360541194
34;974566.8266254624
35;973329.7365866898
36;972024.2871624553
37;970643.6996766434
38;969180.5396468821
39;967626.6561711357
40;965973.1163207586
41;964210.1342637488
42;962326.9948597003
43;960311.971496462
44;958152.2379804458
45;955833.7743511974
46;953341.2665701684
47;950658.000138271
48;947765.7478322661
49;944644.651922809
50;941273.1014545799
51;937627.6054401053
52;933682.6631535997
53;929410.633120779
54;924781.6028977964
55;919763.2623312155
56;914320.7837063564
57;908416.7130393571
58;902010.8777649981
59;895060.3172332906
60;887519.2437666984
61;879339.0435566623
62;870468.3283967521
63;860853.0511548354
64;850436.6999588925
65;839160.5882720844
66;826964.2602975465
67;813786.0333824735
68;799563.7011395164
69;784235.4226695303
70;767740.8242814936
71;750022.340107883
72;731026.816555974
73;710707.4020616232
74;689025.7374587205
75;665954.4526826731
76;641479.96165618
77;615605.528207514
78;588354.5509632434
79;559773.9837633063
80;529937.7700918381
81;498950.12578716484
82;466948.4553572218
83;434105.6364081113
84;400631.35856510646
85;366772.1644786378
86;332809.81996454165
87;299057.64903020597
88;265854.5199183693
89;233556.2728099903
90;202524.54859717147
91;173113.21563061333
92;145652.89218266928
93;120434.40687408374
94;97692.38990517298
95;77590.48798436973
96;60209.87311554292
97;45542.69196201212
98;33491.81210611381
99;23877.633094856865
100;16451.87265851777
101;10917.21858299533
102;6950.738354397186
103;4228.194913054974
104;2446.151574642403
105;1339.099909684204
106;689.7919378019518
107;332.298088261786
108;148.69668101152755
109;61.347979072635574
110;23.14511516333396
111;7.913209967880206
112;2.4274910364178632
113;0.6608678176324047
114;0.1577549260067787
115;0.03258308736907502
116;0.005738374387701114
117;8.479632366505829E-4
118;1.0328891102418082E-4
119;1.0170383730292598E-5
120;7.922989589891013E-7
121;4.7689868800274535E-8
122;2.160858336852295E-9
123;7.161813428836588E-11
124;1.6822462529300685E-12
125;2.7046548886932127E-14
126;2.8644947360695146E-16
127;1.9159056971934282E-18
128;7.725277067367188E-21
129;1.784236383233334E-23
130;2.2311469878650412E-26
131;1.419737528425356E-29
132;4.293745454599234E-33
133;5.7247907203678195E-37
134;3.0975922358306793E-41
135;6.209295036073142E-46
136;4.170848542875666E-51
137;8.405728769038867E-57
138;4.500374632738366E-63
139;5.5983007710905134E-70
140;1.3961383723597036E-77
